120.9693832397
78.8261413574
76.5228424072
98.8424453735
67.6619644165
101.6180038452
50.8945617676
37.8076820374
95.9576644897
98.4960327148
112.0196609497
28.7364654541
22.1643047333
97.4763870239
117.9380264282
51.2203788757
98.3118133545
84.6446456909
90.6115951538
104.8164825439
29.3218650818
96.5184555054
69.8670120239
107.1424179077
113.0957717896
88.0371551514
72.5424194336
115.0165634155
61.8956756592
41.6245918274
11.6925449371
100.8495254517
110.9763259888
119.9322052002
108.0331649780
17.5632572174
17.6007156372
124.0323028564
2.9275748730
97.0442657471
73.7887802124
26.0705833435
2.2674691677
38.9057312012
117.3929061890
68.2366104126
78.4203033447
36.4024543762
82.2102890015
66.3903732300
98.9649505615
105.7523498535
102.5623245239
111.5402603149
120.8372802734
74.6492004395
92.0537719727
34.8930168152
105.4182891846
94.6447219849
61.8442001343
74.4446258545
69.9483566284
28.8277893066
116.0434417725
58.4734306335
24.6907291412
87.6678237915
99.6670761108
78.0530548096
98.2700881958
34.4290390015
79.4505004883
117.5186691284
108.3053817749
35.3793296814
52.7765350342
106.7958602905
87.3479766846
102.6233291626
72.4594192505
72.1088180542
102.2100448608
114.2867889404
38.9863014221
98.1895141602
99.1212615967
96.7196502686
26.8327789307
113.8060531616
24.8582592010
114.1912841797
104.7803344727
85.7684020996
9.4310665131
108.1098480225
92.9699020386
-0.4101159275
78.3369598389
78.3799896240
39.3794136047
66.5052337646
116.2872543335
51.3292694092
100.0367431641
30.8291683197
22.8346252441
99.9736785889
26.6062984467
34.8287963867
5.2832660675
47.6807823181
88.7637252808
59.3175811768
107.2179641724
57.4814376831
11.6753253937
101.1641921997
50.1427383423
41.7795104980
100.9328079224
34.1125717163
32.6501579285
43.9455490112
88.2352523804
81.4569015503
66.8807144165
119.8853683472
109.5514526367
8.6735286713
130.1528778076
52.0688476562
98.6306991577
6.1779427528
38.4830856323
50.2040443420
91.9402236938
88.2059936523
5.0657310486
54.2961959839
64.3606796265
17.8839759827
124.8470993042
91.7885055542
47.3027687073
111.9293289185
86.4597167969
74.6502761841
23.9877662659
112.9008331299
103.1905822754
73.8006896973
80.9853363037
94.6439437866
90.0408782959
107.2530975342
88.9463577271
110.3876800537
42.7273597717
72.5126647949
25.5402374268
35.0159568787
47.9499855042
112.1641006470
87.5285797119
117.1659088135
102.2017822266
99.6567230225
58.8843765259
104.6423950195
33.4109306335
81.4847793579
114.1559143066
52.5705795288
65.8832931519
120.6893844604
23.9879894257
27.5717601776
28.5152378082
106.0487442017
115.9817733765
50.4150848389
39.7340812683
92.8636703491
120.9117126465
118.7495880127
48.2403373718
108.0921859741
9.3467788696
102.7346191406
39.7442169189
33.8849220276
109.7612915039
79.5198593140
14.5903072357
29.7729187012
84.3101654053
92.9097442627
22.7178840637
14.5230760574
107.0896682739
38.3983039856
72.7721481323
91.8822784424
112.4537124634
88.0855331421
21.0504932404
72.4122314453
92.0669174194
76.2174835205
66.5019149780
56.8730659485
76.6213684082
54.1590805054
98.3118286133
111.3440933228
103.6681060791
80.5274124146
